0.998097352
0.981060294
0.981060294
0.981060294
0.981060294
0.981060294
0.981060294
0.981060294
0.981060294
0.936116913
0.936116913
0.936116913
0.936116913
0.936116913
0.936116913
0.936116913
0.936116913
0.936116913
0.936116913
0.936116913
0.936116913
0.936116913
0.936116913
0.936116913
0.936116913
0.862730142
0.862730142
0.862730142
0.862730142
0.862730142
0.862730142
0.862730142
0.862730142
0.862730142
0.862730142
0.862730142
0.862730142
0.862730142
0.862730142
0.862730142
0.862730142
0.862730142
0.862730142
0.862730142
0.862730142
0.763129795
0.763129795
0.763129795
0.763129795
0.763129795
0.763129795
0.763129795
0.763129795
0.763129795
0.763129795
0.763129795
0.763129795
0.763129795
0.763129795
0.763129795
0.763129795
0.763129795
0.763129795
0.763129795
0.763129795
0.763129795
0.763129795
0.763129795
0.763129795
0.640342175
0.640342175
0.640342175
0.640342175
0.640342175
0.640342175
0.640342175
0.640342175
0.640342175
0.640342175
0.640342175
0.640342175
0.640342175
0.640342175
0.640342175
0.640342175
0.640342175
0.640342175
0.640342175
0.640342175
0.640342175
0.640342175
0.640342175
0.640342175
0.498098115
0.498098115
0.498098115
0.498098115
0.498098115
0.498098115
0.498098115
0.498098115
0.498098115
0.498098115
0.498098115
0.498098115
0.498098115
0.498098115
0.498098115
0.498098115
0.498098115
0.498098115
0.498098115
0.498098115
0.498098115
0.498098115
0.498098115
0.498098115
0.340719622
0.340719622
0.340719622
0.340719622
0.340719622
0.340719622
0.340719622
0.340719622
0.340719622
0.340719622
0.340719622
0.340719622
0.340719622
0.340719622
0.340719622
0.340719622
0.12941072
0.12941072
0.12941072
0.12941072
0.12941072
0.12941072
0.12941072
0.12941072
0.12941072
0.12941072
0.12941072
0.12941072
