0.0239093755
0.0237730753
0.0237730753
0.0237730753
0.0237730753
0.0237730753
0.0237730753
0.0237730753
0.0237730753
0.0234119094
0.0234119094
0.0234119094
0.0234119094
0.0234119094
0.0234119094
0.0234119094
0.0234119094
0.0234119094
0.0234119094
0.0234119094
0.0234119094
0.0234119094
0.0234119094
0.0234119094
0.0234119094
0.0273807387
0.0273807387
0.0273807387
0.0273807387
0.0273807387
0.0273807387
0.0273807387
0.0273807387
0.0273807387
0.0273807387
0.0273807387
0.0273807387
0.0273807387
0.0273807387
0.0273807387
0.0273807387
0.0273807387
0.0273807387
0.0273807387
0.0273807387
0.0293333345
0.0293333345
0.0293333345
0.0293333345
0.0293333345
0.0293333345
0.0293333345
0.0293333345
0.0293333345
0.0293333345
0.0293333345
0.0293333345
0.0293333345
0.0293333345
0.0293333345
0.0293333345
0.0293333345
0.0293333345
0.0293333345
0.0293333345
0.0293333345
0.0293333345
0.0293333345
0.0293333345
0.0349581097
0.0349581097
0.0349581097
0.0349581097
0.0349581097
0.0349581097
0.0349581097
0.0349581097
0.0349581097
0.0349581097
0.0349581097
0.0349581097
0.0349581097
0.0349581097
0.0349581097
0.0349581097
0.0349581097
0.0349581097
0.0349581097
0.0349581097
0.0349581097
0.0349581097
0.0349581097
0.0349581097
0.0395207023
0.0395207023
0.0395207023
0.0395207023
0.0395207023
0.0395207023
0.0395207023
0.0395207023
0.0395207023
0.0395207023
0.0395207023
0.0395207023
0.0395207023
0.0395207023
0.0395207023
0.0395207023
0.0395207023
0.0395207023
0.0395207023
0.0395207023
0.0395207023
0.0395207023
0.0395207023
0.0395207023
0.0643237205
0.0643237205
0.0643237205
0.0643237205
0.0643237205
0.0643237205
0.0643237205
0.0643237205
0.0643237205
0.0643237205
0.0643237205
0.0643237205
0.0643237205
0.0643237205
0.0643237205
0.0643237205
0.135517193
0.135517193
0.135517193
0.135517193
0.135517193
0.135517193
0.135517193
0.135517193
0.135517193
0.135517193
0.135517193
0.135517193
